5.557025628120e-04
4.213217310000e-02
3.344737323630e-03
1.135124644771e-03
-1.261028146051e-03
6.669982440000e-05
1.345525888483e-03
-9.549179940000e-07
-4.518785070000e-04
5.588970010000e-04
3.621064850000e-05
9.055817989610e-07
2.444335280000e-04
-2.702373850000e-04
8.582481850000e-05
8.438884920000e-05
-1.457976660000e-04
2.268312390000e-04
-2.284692525332e-04
-6.990357975012e-05
1.942731230000e-04
-8.316452660000e-05
5.278206330000e-05
-2.692691653015e-05
-4.378770416102e-06
5.959826660495e-05
-3.366035351815e-05
2.934294143147e-05
2.549595258922e-06
-1.119714144564e-05
9.270037528578e-06
1.759636061148e-05
1.671838991561e-05
-1.622294434013e-10
-6.856768939505e-09
9.257747378029e-09
5.749541815329e-05
-4.541191510673e-05
-2.705112298893e-11
5.028290547180e-11
-3.690344409831e-05
4.938393031950e-05
-4.631939650024e-05
2.710870091331e-09
8.929378755149e-06
-3.976071015385e-05
5.006549791707e-05
-1.595307177610e-05
-4.130964448204e-06
2.538758657761e-05
-2.845848825933e-05
