-2.050405227428e-04
-4.213836070000e-02
-3.283745842847e-03
-1.138062877289e-03
1.252029373520e-03
-6.633983198334e-05
-1.337835346585e-03
2.903457530000e-06
4.515211150000e-04
-5.652682631350e-04
-3.155137440805e-05
-1.740024280000e-06
-2.457765340000e-04
2.483600224987e-04
-9.263167976201e-05
-7.592289990000e-05
1.314286220000e-04
-2.073320220000e-04
2.654369572668e-04
6.299951795285e-05
-2.202419303909e-04
1.320662732700e-04
3.232509122458e-07
1.335483055780e-06
8.293525068011e-08
-9.144599523538e-05
-4.525883730857e-05
0.000000000000e+00
-3.862861677493e-05
-6.993719486500e-08
-6.867959909878e-06
-6.275587641638e-10
-5.761664833813e-06
0.000000000000e+00
7.415180835120e-07
-1.266033672668e-09
-9.156575522865e-06
-2.360397485553e-09
1.329611237407e-09
0.000000000000e+00
7.048188567974e-10
-2.700421494753e-05
-4.657221667928e-06
0.000000000000e+00
0.000000000000e+00
1.063511326430e-11
0.000000000000e+00
2.096860642991e-05
-7.847919024755e-06
0.000000000000e+00
9.430899156489e-06
