# N 200 J 200 s 1.02 rho 1.10 M 23.1 prec 256
Psup 5038680385042 15
bU 1 10018834139003446629699353433629719244747 40
bL 1 10018834139003446612259485391429621231562 40
bU 3 1651734467894910898982720206077356261923 40
bL 3 1651734467894910879515587507573263024674 40
bU 5 72403181262590227556363091644426901682 40
bL 5 72403181262590203060401590636869474481 40
bU 7 2253068862884130102704972474002 40
bL 7 2253068832806584728691610461841 40
bU 9 6714280163793391012334043449956 40
bL 9 6714280127522265254598570199651 40
bU 11 126742218669342585711722777728614079 40
bL 11 126742218669298006991603831319920318 40
bU 13 45946920333649442409713079362163684 40
bL 13 45946920333594147959748756416402403 40
bU 15 34070409884452576725420683247127468 40
bL 15 34070409884375529732967179987094443 40
bU 17 15155577883336290307826204769833590 40
bL 17 15155577883236654406652341197787765 40
bU 19 11599340958870775120475888099626 40
bL 19 11599340824091293774355177742633 40
bU 21 8043806641656930088896685324344580 40
bL 21 8043806641431907264014857338330371 40
bU 23 8994229598573724962270920922042493 40
bL 23 8994229598159450723178025159954556 40
bU 25 4689404286349175260710070341334246 40
bL 25 4689404285557581303453848045352165 40
bU 27 771039776018021406910741353344456 40
bL 27 771039774517623589938413375860167 40
bU 29 3035555727963862337339202542622901 40
bL 29 3035555725123401164175613818689716 40
bU 31 1691445320784610468452838960818987 40
bL 31 1691445315881311375157625059568426 40
bU 33 486516889441167416646403332245141 40
bL 33 486516881722130520529579872618132 40
bU 35 1058937816952598200294054957163789 40
bL 35 1058937804874964425289954292147468 40
bU 37 189184144996788446051678524816589 40
bL 37 189184126742249483627804693118156 40
bU 39 471327652648954786480266238494492 40
bL 39 471327625744935091802437142972187 40
bU 41 234298500325391756275077520698688 40
bL 41 234298461502817405006882484399423 40
bU 43 204146919475428309905659453113897 40
bL 43 204146860304963580821463326131752 40
bU 45 191970278660726423526284150993419 40
bL 45 191970195883433968230172202398218 40
bU 47 71567976291539883891853348112125 40
bL 47 71567869146404319654520680941308 40
bU 49 136334619481927027708968841435404 40
bL 49 136334472369270870047117987993867 40
bU 51 5088840856374134092311700078840 40
bL 51 5088638567724179434257853612279 40
bU 53 82364346506992846902243357077223 40
bL 53 82364067649924444337138704035558 40
bU 55 19290518207070255368463624586043 40
bL 55 19290132973334588246674087756602 40
bU 57 42480897926897055094376120516251 40
bL 57 42480313261735693341937434951322 40
bU 59 21620698777706827470331019232888 40
bL 59 21619893512896991763449337579127 40
bU 61 18857185024019424811784703719220 40
bL 61 18856159976850452404437047981875 40
bU 63 16313455381507272696168257083870 40
bL 63 16312066368144988426686351464925 40
bU 65 7078650793680626639539209294876 40
bL 65 7076776828963472225075771003931 40
bU 67 10373044065833381480909780235666 40
bL 67 10370536254998833137355848627601 40
bU 69 2035066851631417331197314067441 40
bL 69 2031740910827652513621827906544 40
bU 71 5970497035261532559484505360017 40
bL 71 5965617886658765185837171279504 40
bU 73 227065082751980787833919280918 40
bL 73 220697468283755488114056140565 40
bU 75 3210785940999182868449526272516 40
bL 75 3203219884466392002572733895171 40
bU 77 252582384664822930840489441251 40
bL 77 242879636434865250297955366882 40
bU 79 1638394008888762898622871528741 40
bL 79 1625861770617324033850722247972 40
bU 81 269850412545119962420720692485 40
bL 81 253615709030692784664661716228 40
bU 83 799176146508996038674663463374 40
bL 83 778128243544841905081630448077 40
bU 85 186216655021574231068341991756 40
bL 85 155251733485735070901397387595 40
bU 87 378048976465620817828740499049 40
bL 87 338102498161936135982725367400 40
bU 89 112910360753655253483183333724 40
bL 89 66077354134976050515555574107 40
bU 91 177681304710267814904333316009 40
bL 91 117954141526718873034384453544 40
bU 93 78751224485950366221158769297 40
bL 93 1670130976965228970165854864 40
bU 95 100523063002243920185829964406 40
bL 95 533844578639073263977314933 40
bU 97 81411019225484675990956534050 40
bL 97 0 40
bU 99 105730527588864594026428530211 40
bL 99 0 40
bU 101 132244815792158475531425477956 40
bL 101 0 40
bU 103 152390784641125206599758154392 40
bL 103 0 40
bU 105 192406579928397549314667905130 40
bL 105 0 40
bU 107 251750265208068958745226415872 40
bL 107 0 40
bU 109 320650806456435669612375203756 40
bL 109 0 40
bU 111 420090895835968604497268083252 40
bL 111 0 40
bU 113 620952539193256111692565445163 40
bL 113 0 40
bU 115 808272194111230667477267253787 40
bL 115 0 40
bU 117 954766360244663233808749990185 40
bL 117 0 40
bU 119 1231828259727680315216326858461 40
bL 119 0 40
bU 121 1614372688165453879108143878211 40
bL 121 0 40
bU 123 2126055757891122182213612546063 40
bL 123 0 40
bU 125 2804508099382372024746426530365 40
bL 125 0 40
bU 127 4205337865792856903010932494255 40
bL 127 0 40
bU 129 5494048463944777372105573153492 40
bL 129 0 40
bU 131 6483664002260431179831244619594 40
bL 131 0 40
bU 133 8288521093637164191410395754666 40
bL 133 0 40
bU 135 10694655943471342243750553318827 40
bL 135 0 40
bU 137 13832753875845257268612521995743 40
bL 137 0 40
bU 139 17887970468495460483996051088417 40
bL 139 0 40
bU 141 26556367744123435298623590965314 40
bL 141 0 40
bU 143 34164685041729005986880400419311 40
bL 143 0 40
bU 145 39650655262847868801243748845927 40
bL 145 0 40
bU 147 50175619648998065871730976350516 40
bL 147 0 40
bU 149 64385215643672720146861427072233 40
bL 149 0 40
bU 151 83055994718352293525180407358884 40
bL 151 0 40
bU 153 107320905937145985431020519882223 40
bL 153 0 40
bU 155 160136744183151368218345477424147 40
bL 155 0 40
bU 157 206067357717377364781936842195154 40
bL 157 0 40
bU 159 238967890762493345860114413609771 40
bL 159 0 40
bU 161 302426710681159848530177534720324 40
bL 161 0 40
bU 163 388392566718096705426608191392629 40
bL 163 0 40
bU 165 501509741828829979747420373770356 40
bL 165 0 40
bU 167 648638496651381902648175114126317 40
bL 167 0 40
bU 169 970618081950724095911230908583813 40
bL 169 0 40
bU 171 1250011762986496186199838739457136 40
bL 171 0 40
bU 173 1449518079031938048417002373462370 40
bL 173 0 40
bU 175 1834656155601749004438538574465195 40
bL 175 0 40
bU 177 2357142177233097050921084443036874 40
bL 177 0 40
bU 179 3044959030854332454314552677271769 40
bL 179 0 40
bU 181 3939534126717466017941456539496809 40
bL 181 0 40
bU 183 5903555288930980442380311040564241 40
bL 183 0 40
bU 185 7603741084671041222525077441210223 40
bL 185 0 40
bU 187 8810241373449245989191713690986225 40
bL 187 0 40
bU 189 11141877346018989519699425311861701 40
bL 189 0 40
bU 191 14304096083070649516783561838062789 40
bL 191 0 40
bU 193 18462568614726743216812599888742950 40
bL 193 0 40
bU 195 23863869211215341595707269064704512 40
bL 195 0 40
bU 197 35776766987647720869695248040817236 40
bL 197 0 40
bU 199 46034622608579773692751793027160853 40
bL 199 0 40
