# N 200 J 200 s 1.02 rho 1.10 M 23.1 prec 256
Psup 5064404904261 15
bU 1 10019585747212779408461474874477678319457 40
bL 1 10019585747212779408461474874477677742534 40
bU 3 1650881789287621994386486214446490952780 40
bL 3 1650881789287621994386486214446490308542 40
bU 5 72481098105396004252206702801453358877 40
bL 5 72481098105396004252206702801452547705 40
bU 7 1336596098642156295521380 40
bL 7 1336596098642156294525910 40
bU 9 202145145577525845641551028143171782 40
bL 9 202145145577525845641551028141973731 40
bU 11 26098067453106680294608209857902337 40
bL 11 26098067453106680294608209856435275 40
bU 13 2817266918023114582895682200497801 40
bL 13 2817266918023114582895682198696859 40
bU 15 3103353516715643483913149071114433 40
bL 15 3103353516715643483913149068670330 40
bU 17 53980787995816985526955740777389 40
bL 17 53980787995816985526955737806676 40
bU 19 253789149203513217069911455015721 40
bL 19 253789149203513217069911451625796 40
bU 21 16929533580243587271773324624247 40
bL 21 16929533580243587271773320470752 40
bU 23 33410544262208561622929182776800 40
bL 23 33410544262208561622929177705334 40
bU 25 8416058034735025355692428653078 40
bL 25 8416058034735025355692422445185 40
bU 27 6248115723146382559937577932764 40
bL 27 6248115723146382559937570287933 40
bU 29 2384239035183509147606627748900 40
bL 29 2384239035183509147606616794861 40
bU 31 1088193791934913840823169452898 40
bL 31 1088193791934913840823155905995 40
bU 33 368161462244745780412835726664 40
bL 33 368161462244745780412820297309 40
bU 35 59785317866350069094593397196 40
bL 35 59785317866350069094574237099 40
bU 37 21000136273429176667823597454 40
bL 37 21000136273429176667799674892 40
bU 39 41124053065105563783514802709 40
bL 39 41124053065105563783484930244 40
bU 41 23246577398509095696221384495 40
bL 41 23246577398509095696184128005 40
bU 43 11184660970300889204256685140 40
bL 43 11184660970300889204202519930 40
bU 45 1694626474863482584989551790 40
bL 45 1694626474863482584922828212 40
bU 47 926149404594242298917648597 40
bL 47 926149404594242298843330224 40
bU 49 1411054578967079150785997639 40
bL 49 1411054578967079150695170128 40
bU 51 674601331333818649783926336 40
bL 51 674601331333818649671091011 40
bU 53 171879719766017245594293006 40
bL 53 171879719766017245452840978 40
bU 55 83352283513826511483654003 40
bL 55 83352283513826511305153140 40
bU 57 92619832282226461015446740 40
bL 57 92619832282226460748758085 40
bU 59 44719771195476327308356312 40
bL 59 44719771195476326971799574 40
bU 61 1922972370549058944852608 40
bL 61 1922972370549058559660859 40
bU 63 10175712669142046652645431 40
bL 63 10175712669142046169110939 40
bU 65 7340856924855253438655386 40
bL 65 7340856924855252823173753 40
bU 67 1465908227047346245500379 40
bL 67 1465908227047345460499807 40
bU 69 1117822194916018794204641 40
bL 69 1117822194916017795821257 40
bU 71 1103835510267468856628516 40
bL 71 1103835510267467372401343 40
bU 73 294149466679586301395679 40
bL 73 294149466679584441618430 40
bU 75 147570094144721471950417 40
bL 75 147570094144719383703710 40
bU 77 167808875629987593963110 40
bL 77 167808875629985027484297 40
bU 79 44513004767656307679657 40
bL 79 44513004767653100059008 40
bU 81 25540249088294091446722 40
bL 81 25540249088290052803229 40
bU 83 26090584173693668268840 40
bL 83 26090584173688567685591 40
bU 85 5128397063906339419819 40
bL 85 5128397063898703416122 40
bU 87 5226842872093203720632 40
bL 87 5226842872083626366247 40
bU 89 3962749779015802107939 40
bL 89 3962749779005048497634 40
bU 91 223981124713809130331 40
bL 91 223981124700555294282 40
bU 93 1081670484089769409909 40
bL 93 1081670484073124855812 40
bU 95 531086074176606318130 40
bL 95 531086074155540864529 40
bU 97 104814590185481087074 40
bL 97 104814590158743107137 40
bU 99 202166832613947618021 40
bL 99 202166832573639965988 40
bU 101 48011214592574547110 40
bL 101 48011214541778780837 40
bU 103 42924213940194176094 40
bL 103 42924213882973389917 40
bU 105 30514446102832384941 40
bL 105 30514446032109417516 40
bU 107 2026590259384714254 40
bL 107 2026590170286844301 40
bU 109 10020846240688465527 40
bL 109 10020846127539555446 40
bU 111 2793502586076149829 40
bL 111 2793502441871819076 40
bU 113 2142984941593519135 40
bL 113 2142984723016448542 40
bU 115 1544913094643288997 40
bL 115 1544912817083829156 40
bU 117 177643025535863525 40
bL 117 177642709391113444 40
bU 119 528991251925441978 40
bL 119 528990855827722169 40
bU 121 100011143849413668 40
bL 121 100010636747305507 40
bU 123 134972818884169425 40
bL 123 134972163930244816 40
bU 125 67946849544870091 40
bL 125 67946001666842826 40
bU 127 23736774975807455 40
bL 127 23735484879974366 40
bU 129 27159891944055356 40
bL 129 27158239690146363 40
bU 131 622776383709983 40
bL 131 620885696326430 40
bU 133 8588406903527766 40
bL 133 8586049027123541 40
bU 135 1797832775935954 40
bL 135 1794848952215505 40
bU 137 2274018396420088 40
bL 137 2270225217198071 40
bU 139 1052095957606321 40
bL 139 1047270355058608 40
bU 141 494381955087587 40
bL 141 487123269377250 40
bU 143 430481125851364 40
bL 143 421307612676323 40
bU 145 76604428443737 40
bL 145 66262782566488 40
bU 147 152796267737001 40
bL 147 140015053008808 40
bU 149 11676421105457 40
bL 149 0 40
bU 151 55455613620469 40
bL 151 35026213769460 40
bU 153 21514883524760 40
bL 153 0 40
bU 155 32531291660169 40
bL 155 0 40
bU 157 29495841346261 40
bL 157 0 40
bU 159 31502635960169 40
bL 159 0 40
bU 161 36722704589747 40
bL 161 0 40
bU 163 44795833516955 40
bL 163 0 40
bU 165 56665938033489 40
bL 165 0 40
bU 167 71598502883339 40
bL 167 0 40
bU 169 108652653016675 40
bL 169 0 40
bU 171 137636428497437 40
bL 171 0 40
bU 173 155742153383589 40
bL 173 0 40
bU 175 193108750963770 40
bL 175 0 40
bU 177 244310596428157 40
bL 177 0 40
bU 179 311385274804897 40
bL 179 0 40
bU 181 397951847743840 40
bL 181 0 40
bU 183 604858876971356 40
bL 183 0 40
bU 185 768872991570078 40
bL 185 0 40
bU 187 870869511648563 40
bL 187 0 40
bU 189 1081456758179789 40
bL 189 0 40
bU 191 1369482765118754 40
bL 191 0 40
bU 193 1747374437305390 40
bL 193 0 40
bU 195 2235267850627102 40
bL 195 0 40
bU 197 3400086040696332 40
bL 197 0 40
bU 199 4326919939861528 40
bL 199 0 40
