1 0.89128717292541904
3 -0.10638551869595701
5 0.0022804376833522166
7 -3.7814263579902146e-8
9 -1.0300867559781962e-5
11 5.3495808526173962e-10
13 8.3881520203661931e-6
15 -1.2307543439537263e-6
17 5.3773250452303132e-7
19 1.6847785460476277e-6
21 3.7811663671652489e-7
23 3.2246923243582631e-8
25 1.8981462348684652e-7
27 6.4099421934521302e-8
29 -5.1544356066976797e-8
31 6.9279841157102393e-9
33 5.553232634844159e-8
35 1.3619423272928659e-8
37 -3.1796367719425194e-8
39 -2.2737533175642567e-8
41 8.4604728136655195e-9
43 1.7763396879945166e-8
45 4.1161558338437501e-9
47 -8.7507870739030589e-9
49 -7.9288491194999501e-9
51 4.9151067348141944e-10
